To	#A	#B	#C	#D
2.0179299825532407E-5	150	50	10	0	
1.2035074730497739E-4	149	49	11	0	
1.2973670975939582E-4	148	48	12	0	
3.323269756911619E-4	147	47	13	0	
4.720979608044451E-4	146	46	14	0	
7.334941480998979E-4	145	45	15	0	
8.502723206997984E-4	144	44	16	0	
0.0010424972158746785	143	43	17	0	
0.0011616583733701853	142	43	16	1	
0.001457568252613389	141	42	17	1	
0.002058085005128646	140	41	18	1	
0.0022638480893679125	139	41	17	2	
0.0022766156420255057	138	40	18	2	
0.002295158397610084	137	39	19	2	
0.0023303277728872283	136	38	20	2	
0.0023783768614270393	135	38	19	3	
0.002648568181734182	134	37	20	3	
0.002714007120723307	133	36	21	3	
0.002881268318312888	132	36	20	4	
0.00294923798819106	131	35	21	4	
0.003011131961828565	130	35	20	5	
0.003167126468790669	129	35	19	6	
0.0033677080554116476	128	34	20	6	
0.003958386814853392	127	33	21	6	
0.004086061424234587	126	33	20	7	
0.004181268605555292	125	33	19	8	
0.004309860985389255	124	33	18	9	
0.004556024913330384	123	32	19	9	
0.004621714233046611	122	32	18	10	
0.004841270086928687	121	32	17	11	
0.0056286430977231985	120	31	18	11	
0.005849692786413454	119	30	19	11	
0.006072032939955604	118	30	18	12	
0.0064848698175236485	117	29	19	12	
0.00657135387706218	116	29	18	13	
0.006709090405279094	115	28	19	13	
0.006890989741875308	114	27	20	13	
0.007517544144482748	113	26	21	13	
0.00801577979716252	112	26	20	14	
0.00812113346294674	111	25	21	14	
0.008704146628780343	110	25	20	15	
0.009227163287415888	109	24	21	15	
0.00956389662616312	108	23	22	15	
0.00961110874299294	107	23	21	16	
0.009726180067540441	106	22	22	16	
0.010424551605776895	105	21	23	16	
0.010574708688514277	104	20	24	16	
0.011063208483472718	103	19	25	16	
0.011119671971260334	102	18	26	16	
0.011464071161862644	101	18	25	17	
0.012633559535811117	100	17	26	17	
0.013088717415104836	99	16	27	17	
0.013117197146574238	98	16	26	18	
0.013170602887000595	97	15	27	18	
0.013661722786199128	96	15	26	19	
0.013742495776124207	95	14	27	19	
0.014550344159649401	94	14	26	20	
0.01470644277363528	93	13	27	20	
0.015105138455999418	92	13	26	21	
0.015423119017257403	91	12	27	21	
0.015961669548091088	90	12	26	22	
0.016130846308340444	89	12	25	23	
0.01743773660372827	88	12	24	24	
0.017885143204406706	87	12	23	25	
0.018561506633656924	86	12	22	26	
0.020754733084388577	85	12	21	27	
0.021728771425784874	84	11	22	27	
0.02175349938920013	83	10	23	27	
0.023409115272803344	82	9	24	27	
0.023686375240694092	81	9	23	28	
0.023927016349315596	80	9	22	29	
0.025115066636860993	79	8	23	29	
0.025177242759963355	78	7	24	29	
0.025391397632270364	77	7	23	30	
0.02587069697554299	76	7	22	31	
0.026387024422511094	75	6	23	31	
0.02695735724736014	74	5	24	31	
0.028376975819504414	73	5	23	32	
0.02883761016413795	72	5	22	33	
0.030081843965400805	71	5	21	34	
0.030662216942401083	70	4	22	34	
0.03101453230074789	69	4	21	35	
0.03196089205516559	68	3	22	35	
0.03525785203326283	67	2	23	35	
0.03681766540551586	66	2	22	36	
0.03779655525849936	65	1	23	36	
0.04272410986215655	64	1	22	37	
0.04310274878640393	63	1	21	38	
0.04406487119081773	62	1	20	39	
0.049298302967343374	61	1	19	40	
0.05179158927867325	60	1	18	41	
0.05273201583417268	59	1	17	42	
0.05281703553864309	58	1	16	43	
0.05535882518391305	57	1	15	44	
0.055677613908696494	56	1	14	45	
0.05908182438221102	55	1	13	46	
0.060355275263394716	54	1	12	47	
0.060794369949146734	53	1	11	48	
0.06442543049781345	52	1	10	49	
0.06587731137303174	51	0	11	49	
0.07026729422852167	50	0	10	50	
0.0788285677550475	49	0	9	51	
0.08161491919956368	48	0	8	52	
0.09066356936239964	47	0	7	53	
0.09403351489463344	46	0	6	54	
0.09453425025786022	45	0	5	55	
0.09873301992071308	44	0	4	56	
0.113946849818553	43	0	3	57	
0.1188515769473755	42	0	2	58	
0.14550654892572876	41	0	1	59	
