To	#A	#B	#C	#D
0.010190868703704756	1000	
0.017110256165379756	999	
0.07450357549917788	998	
0.10263644812782499	997	
0.10697452730505103	996	
0.10731068872932793	995	
0.12048444037709795	994	
0.13166075436625213	993	
0.1332941282631588	992	
0.13916155309695616	991	
0.14478192064755185	990	
0.14510536066031288	989	
0.16381917085596906	988	
0.1690993607227319	987	
0.1870839079815789	986	
0.1903323196192603	985	
0.19172428365913965	984	
0.1944390174181821	983	
0.19790126793642868	982	
0.20078189438293848	981	
0.22839654343383792	980	
0.230942910673586	979	
0.23501043393475896	978	
0.24164897794988988	977	
0.25079695796233403	976	
0.2605842292481347	975	
0.31254655212043464	974	
0.31772840071205705	973	
0.32525126162907975	972	
0.32549124686157827	971	
0.33138184300712764	970	
0.33330920549017057	969	
0.3339404507880236	968	
0.3422782476296907	967	
0.3542535264119619	966	
0.36260821735639104	965	
0.3642653149589483	964	
0.3780009414999122	963	
0.39588507286532704	962	
0.41331099684582717	961	
0.42249465241356277	960	
0.4268736160840087	959	
0.439103122515789	958	
0.4400095789259552	957	
0.44656569311002986	956	
0.46026713919243545	955	
0.46486075918070024	954	
0.5127368247049422	953	
0.5345977837612362	952	
0.5443751964063743	951	
0.5521328186745256	950	
0.5707771661617932	949	
0.5786473742521042	948	
0.585205901103087	947	
0.5957096705603722	946	
0.6176332043050186	945	
0.626724212648857	944	
0.6268098038662046	943	
0.6381148068118778	942	
0.6398486692805447	941	
0.6513130898217806	940	
0.6656714646954426	939	
0.6869629392123282	938	
0.6958304080542583	937	
0.7219808291006846	936	
0.74334954578157	935	
0.7514714215380461	934	
0.7647903138371985	933	
0.7684680438560996	932	
0.778413493048331	931	
0.7801058896665495	930	
0.8128231429226889	929	
0.8216740909870681	928	
0.8244364303795062	927	
0.8547668003189516	926	
0.8548911030562575	925	
0.8557196915132287	924	
0.8640215439095424	923	
0.8903954422266646	922	
0.8908155904072561	921	
0.8933738978240026	920	
0.8959036402559787	919	
0.903890059616104	918	
0.9153143781953507	917	
0.9193957132492457	916	
0.9314243292735765	915	
0.9506085770849575	914	
0.9588511796262988	913	
0.9918405641002334	912	
1.0031696096581	911	
1.01903239205682	910	
1.0218768558173932	909	
1.0377036943715778	908	
1.0411286692689772	907	
1.0418163461238064	906	
1.0456789984073116	905	
1.0466867661686898	904	
1.0489013384068497	903	
1.073523363652544	902	
1.0787532028891427	901	
1.081059656767411	900	
1.083010503282142	899	
1.1112138400680716	898	
1.1148045934026822	897	
1.134775206837067	896	
1.1394501047053027	895	
1.140061087759461	894	
1.145353629440207	893	
1.1595538640801524	892	
1.1605883529156795	891	
1.1671315741079367	890	
1.1732420629118687	889	
1.1907297422866958	888	
1.2000151031235655	887	
1.2605452193513553	886	
1.2716633499336014	885	
1.3036352738758106	884	
1.3231745704671445	883	
1.343665449814288	882	
1.3460273282154827	881	
1.3487294250953377	880	
1.404464867776306	879	
1.418211220310696	878	
1.4200114041727985	877	
1.4289996197496344	876	
1.4415565358471143	875	
1.4476872348553353	874	
1.4482934648389598	873	
1.4560546986645666	872	
1.4624615882404304	871	
1.4851350932999756	870	
1.564071196347761	869	
1.5646257605691956	868	
1.5885991997669366	867	
1.6034276952970896	866	
1.6295941544383492	865	
1.6509476247456298	864	
1.6539195347816322	863	
1.6579291827392688	862	
1.6598232401501425	861	
1.6668418895842443	860	
1.683764615204861	859	
1.692709066480166	858	
1.7017804620211252	857	
1.7053772888950824	856	
1.7154641511485096	855	
1.7241673460820444	854	
1.7395724427272519	853	
1.7406564037163959	852	
1.7444302603103012	851	
1.748768619878693	850	
1.7501056470968364	849	
1.7773040979529022	848	
1.7978315426790608	847	
1.812958831414769	846	
1.8605619371508975	845	
1.8618202809726176	844	
1.8808464758327659	843	
1.8853804726844459	842	
1.9209269207315502	841	
1.9374037317497672	840	
1.9376998901604832	839	
1.9626815269928084	838	
1.9831598051472472	837	
1.9887414051251893	836	
2.0103012300002283	835	
2.0103656167964847	834	
2.0214735554332806	833	
2.0350083042506357	832	
2.0403688153667674	831	
2.0580360273936464	830	
2.0620067796916435	829	
2.0799244367496845	828	
2.1238047824776705	827	
2.127611380974223	826	
2.1305286466368796	825	
2.153553001840956	824	
2.1652615614486925	823	
2.172460303119299	822	
2.178709182949194	821	
2.1815626363509044	820	
2.210683775816057	819	
2.2177678833659025	818	
2.221990970875718	817	
2.2680315466965846	816	
2.27204518827955	815	
2.2829875590133577	814	
2.311772464376934	813	
2.3263415343923106	812	
2.3598811895162233	811	
2.396372591355563	810	
2.4016999926502676	809	
2.4191483858037133	808	
2.4271457590271353	807	
2.4634190137009084	806	
2.504178516579409	805	
2.5072149554553556	804	
2.5547211086306834	803	
2.583606230938483	802	
2.6027167300642677	801	
2.609768907175496	800	
2.614212287568719	799	
2.6275112776635736	798	
2.6276038884151762	797	
2.641624030420583	796	
2.6736593255613967	795	
2.673913759540909	794	
2.674622892033297	793	
2.678810078593494	792	
2.697084821997825	791	
2.699755823790137	790	
2.723221364753252	789	
2.735129374737964	788	
2.7471791618205477	787	
2.8111609891911034	786	
2.8392730251805287	785	
2.8413252295143994	784	
2.859341916272211	783	
2.8872804846268108	782	
2.910257084121387	781	
2.9298097587294083	780	
2.933098030933597	779	
2.9561384023753	778	
2.9856554740701027	777	
2.996484262145249	776	
3.007368350580414	775	
3.020985908157106	774	
3.0282966806972227	773	
3.0415578849770615	772	
3.0606881643365567	771	
3.0926114069827912	770	
3.1002945131395814	769	
3.10803923267626	768	
3.1215603724049252	767	
3.1378980900666664	766	
3.168499804671985	765	
3.200380712044282	764	
3.2110699228906023	763	
3.2189024222025764	762	
3.2197426976747017	761	
3.2203981947125007	760	
3.2334894355810917	759	
3.2411506255903175	758	
3.2764578054254514	757	
3.2955245122979187	756	
3.3065411247286693	755	
3.326399459915203	754	
3.3418111128661185	753	
3.353581482994556	752	
3.402979085851239	751	
3.404986988033052	750	
3.4085149338742715	749	
3.411319331876803	748	
3.422766232356239	747	
3.438354834177699	746	
3.4682438594156983	745	
3.475569308367848	744	
3.49695956225131	743	
3.504568635222004	742	
3.5075310753390805	741	
3.5205114567343614	740	
3.535651976069846	739	
3.539985343233257	738	
3.544784774343669	737	
3.5781169989636084	736	
3.5792778282732836	735	
3.5857451945486813	734	
3.5905873471918643	733	
3.6238552133891355	732	
3.6270460586880566	731	
3.644067948291096	730	
3.6574693690943403	729	
3.6620160708134395	728	
3.6641203783334264	727	
3.6837320371273083	726	
3.692558584719576	725	
3.7243638464522055	724	
3.7372783801022798	723	
3.747605959000494	722	
3.753557864816629	721	
3.7571535497770245	720	
3.777592888728091	719	
3.782290020835678	718	
3.8176177391056445	717	
3.8233901278220714	716	
3.8240940044620872	715	
3.8242840843183283	714	
3.840221656427122	713	
3.849750827999908	712	
3.8710731394998	711	
3.8943283625378102	710	
3.8979297594546294	709	
3.9211473732827216	708	
3.9339410650457847	707	
3.939671886212783	706	
3.9409361414218993	705	
3.9456857615458683	704	
3.9549904893718253	703	
3.9922153876244963	702	
4.000615428813657	701	
4.001938046645863	700	
4.018906696493631	699	
4.039410434722599	698	
4.073618275188651	697	
4.077040302485346	696	
4.091541704843682	695	
4.103832174044085	694	
4.1120528513346475	693	
4.152031109253264	692	
4.153051737245061	691	
4.201593654770508	690	
4.238225397417994	689	
4.238648381659069	688	
4.240030434310293	687	
4.254734262295253	686	
4.26205790782115	685	
4.291044897226084	684	
4.293494746456216	683	
4.294178397508917	682	
4.322169107383823	681	
4.329096230546443	680	
4.3386111472284705	679	
4.357848191212858	678	
4.372132126611107	677	
4.388275592908365	676	
4.393515750395761	675	
4.455248117738084	674	
4.458743930642084	673	
4.4607954572018	672	
4.4730933587328305	671	
4.484386955697014	670	
4.490901253603704	669	
4.5054598769988345	668	
4.540754340977583	667	
4.5517316212017365	666	
4.573204550897688	665	
4.606781421128031	664	
4.607506864995528	663	
4.6129776808925165	662	
4.6512251863320655	661	
4.656387972085588	660	
4.6758185936185495	659	
4.683868137222772	658	
4.697098836181388	657	
4.699294743377129	656	
4.7075043282537035	655	
4.708373557486973	654	
4.7207792835377385	653	
4.756684125362742	652	
4.822716384474432	651	
4.838356216527214	650	
4.844211921706033	649	
4.853225111456123	648	
4.857271112853069	647	
4.864544458367404	646	
4.874400965390805	645	
4.875315150563641	644	
4.889277883144441	643	
4.895928649847796	642	
4.920061328211382	641	
4.923797885313861	640	
4.953869090563928	639	
4.967533311783196	638	
4.978928681213107	637	
5.003883434956283	636	
5.00990002720785	635	
5.014316743647321	634	
5.020179322363926	633	
5.044043216837149	632	
5.047928162031022	631	
5.081895628167987	630	
5.08432278296386	629	
5.087500678796168	628	
5.093907619265671	627	
5.106616689839292	626	
5.109108109224945	625	
5.119057638546308	624	
5.121154695850085	623	
5.143528904512746	622	
5.145316691984296	621	
5.148713228156774	620	
5.160870152103609	619	
5.167695545607375	618	
5.175082262027388	617	
5.238344052874452	616	
5.243835094941845	615	
5.276551644733952	614	
5.332684956310025	613	
5.361323706381999	612	
5.374791081295648	611	
5.406564965652774	610	
5.490552843573089	609	
5.506019553802666	608	
5.530288751260611	607	
5.5320292148625345	606	
5.533166551713405	605	
5.543042782370145	604	
5.581897249121373	603	
5.582234450741004	602	
5.651017759482953	601	
5.667741056856182	600	
5.67458092615149	599	
5.7104299625315225	598	
5.727109848956429	597	
5.727447730992713	596	
5.731332886417494	595	
5.753084014171471	594	
5.7612630758866885	593	
5.771442181782818	592	
5.773545399119046	591	
5.786326784668481	590	
5.805611024524131	589	
5.813801467483875	588	
5.814131011969256	587	
5.826435346675081	586	
5.835476285524848	585	
5.848604884268919	584	
5.8707426934023195	583	
5.884952253404268	582	
5.919072118605795	581	
5.956112506438466	580	
5.960525720388621	579	
5.974819508734641	578	
5.990612890011316	577	
5.99958168780351	576	
6.0000198302228664	575	
6.010479472959836	574	
6.010719384757434	573	
6.021164681203753	572	
6.047530415825655	571	
6.071058635256363	570	
6.074112403089376	569	
6.098015512759665	568	
6.107606885748174	567	
6.120987094771946	566	
6.13096797593421	565	
6.150290404954016	564	
6.161355781475172	563	
6.166493385333812	562	
6.198517108118824	561	
6.203165752405002	560	
6.214306544887388	559	
6.223299520660321	558	
6.2320037565510065	557	
6.232627121749694	556	
6.236492762306035	555	
6.251875796469413	554	
6.255761069267481	553	
6.2707312672252105	552	
6.280186269607505	551	
6.3290053186899105	550	
6.350320270325634	549	
6.381498092779986	548	
6.424933565334305	547	
6.43875147038134	546	
6.462471188613411	545	
6.473528917912272	544	
6.481646339813119	543	
6.486232365500299	542	
6.493715540631183	541	
6.499788867000487	540	
6.504994961254551	539	
6.528039673864858	538	
6.575552106684207	537	
6.5931255886153455	536	
6.598472218553769	535	
6.618103328372594	534	
6.6320431715694586	533	
6.644242083241659	532	
6.659340461241494	531	
6.681300685043387	530	
6.691943936826514	529	
6.701422499161694	528	
6.7378725119956915	527	
6.7635710393705155	526	
6.820911176713445	525	
6.82947567698757	524	
6.900025995406542	523	
6.920144822643858	522	
6.955333644588789	521	
6.956882116110525	520	
6.961357761777493	519	
6.989950061050429	518	
6.9909200319374065	517	
6.994098986254169	516	
6.9955722571023555	515	
7.0407043429372935	514	
7.05307370714122	513	
7.0598460033584045	512	
7.066984136571432	511	
7.0695598411741	510	
7.081353645472481	509	
7.089977947059331	508	
7.090929704784508	507	
7.0943159508226215	506	
7.09714094350301	505	
7.121915108715847	504	
7.130969110413313	503	
7.1322740111928375	502	
7.196573290937761	501	
7.198579193402289	500	
7.213863305864074	499	
7.216769929929865	498	
7.233394136260663	497	
7.234592369004099	496	
7.240115776176931	495	
7.244901058516082	494	
7.259977247460947	493	
7.27647560214508	492	
7.3075074014659975	491	
7.313266338526905	490	
7.335232585269612	489	
7.33874555204856	488	
7.344606340152312	487	
7.346671413226066	486	
7.3520508826247415	485	
7.372341022319123	484	
7.385326323926541	483	
7.403188633469179	482	
7.418376885860107	481	
7.423272997574088	480	
7.47068666577514	479	
7.514580546659133	478	
7.521796863108394	477	
7.523722673418257	476	
7.523857664246502	475	
7.5279007564686795	474	
7.528365541192736	473	
7.529217490561601	472	
7.531594514571887	471	
7.538445536550662	470	
7.542352365633328	469	
7.562786141961276	468	
7.566472373652232	467	
7.591597224932815	466	
7.617003422448524	465	
7.618070962443868	464	
7.6267787860685115	463	
7.634532597178298	462	
7.6647315315573366	461	
7.672672887684549	460	
7.68821077210167	459	
7.720668185171521	458	
7.770020917410618	457	
7.804173153426129	456	
7.894816840197993	455	
7.894844611789938	454	
7.900961605758889	453	
7.906350376224705	452	
7.915064122786438	451	
7.932552865012384	450	
7.994814759186181	449	
7.99615651258	448	
8.020387539197738	447	
8.043172377637756	446	
8.086272706979281	445	
8.107908524023012	444	
8.11668469270534	443	
8.138391695211707	442	
8.139401450973846	441	
8.192961698062357	440	
8.250074859807635	439	
8.253531163777824	438	
8.269435519342	437	
8.309175676590973	436	
8.316999049153855	435	
8.332598535828344	434	
8.353592098747553	433	
8.366491717668595	432	
8.368744688635719	431	
8.419339842360621	430	
8.519428615738619	429	
8.561488213338622	428	
8.710536843206883	427	
8.726765335745954	426	
8.747650996662946	425	
8.807212168212827	424	
8.811741277010132	423	
8.817364327744162	422	
8.823386707335585	421	
8.824929956402912	420	
8.853804086233298	419	
8.880319083112191	418	
8.89786660320761	417	
8.937847782423749	416	
8.944170175029164	415	
8.950509753976696	414	
8.953702447100483	413	
9.053275976190085	412	
9.07242206129995	411	
9.092061422697997	410	
9.106680355238172	409	
9.135284421880472	408	
9.165935842472697	407	
9.167866424390114	406	
9.213021254971123	405	
9.229370906659147	404	
9.262463298563832	403	
9.270466360786036	402	
9.278841764371778	401	
9.323175606018408	400	
9.350648221297153	399	
9.375156033499387	398	
9.393136098036665	397	
9.410888311153137	396	
9.416682647781196	395	
9.422710842437128	394	
9.533091276184546	393	
9.568792005452192	392	
9.57015374415882	391	
9.592483111729385	390	
9.594793379642395	389	
9.621280041952176	388	
9.712005471658902	387	
9.741499728189796	386	
9.744660367563174	385	
9.76666060320563	384	
9.88350774973919	383	
9.890166356796126	382	
9.92202844259119	381	
9.93497369844868	380	
9.998187632548666	379	
9.999535202419931	378	
10.058420904603294	377	
10.094582046038987	376	
10.096346446619615	375	
10.102345348140762	374	
10.12228040140201	373	
10.123040263538357	372	
10.123663721280673	371	
10.154121674044406	370	
10.174596835883568	369	
10.188186025935094	368	
10.213076071849992	367	
10.277371798413768	366	
10.338371866367932	365	
10.34645777959552	364	
10.359421895114819	363	
10.390663197686193	362	
10.422535347101629	361	
10.45604429335867	360	
10.484397193639364	359	
10.514595296653939	358	
10.519303251609108	357	
10.539458836709908	356	
10.587994447874891	355	
10.60024069794647	354	
10.60502616826199	353	
10.612457779697001	352	
10.738488522990302	351	
10.74175383966951	350	
10.770999238126382	349	
10.807779355813983	348	
10.812221980644575	347	
10.870297845893415	346	
10.898727940511256	345	
10.907800904828353	344	
10.968794710551574	343	
11.019159328655018	342	
11.04742310446726	341	
11.07198725693037	340	
11.102434575880348	339	
11.1618336804303	338	
11.174914257553356	337	
11.187712657165571	336	
11.208138983446485	335	
11.223645016574466	334	
11.242257335666606	333	
11.249507466902054	332	
11.287763727242277	331	
11.30097266922049	330	
11.329608171567646	329	
11.405660548044978	328	
11.465066948774105	327	
11.5046648839124	326	
11.549770006677763	325	
11.559027656011004	324	
11.57905635553238	323	
11.647379217968288	322	
11.70387572087698	321	
11.706527394931783	320	
11.780668065373192	319	
11.780998695141282	318	
11.80272877589312	317	
11.82158388604627	316	
11.880867864271268	315	
12.066824127782251	314	
12.102330111605468	313	
12.224395142999708	312	
12.278617459268993	311	
12.303285398861068	310	
12.386268954492888	309	
12.423519449814306	308	
12.512672720106766	307	
12.607058703633614	306	
12.700015359325183	305	
12.725835524060678	304	
12.748546483695794	303	
12.775677635044431	302	
12.787202788444029	301	
12.869073288043422	300	
12.898793611461555	299	
12.948388797636314	298	
12.966003589990052	297	
12.979302303277699	296	
12.987066512192413	295	
12.994587943314743	294	
12.996938230095932	293	
13.04692278053898	292	
13.050094301261822	291	
13.163887344425165	290	
13.220276165975115	289	
13.277783961226621	288	
13.341902080034957	287	
13.368998063206009	286	
13.399077506645195	285	
13.42121850619265	284	
13.484954552789038	283	
13.494234059189711	282	
13.497157376485642	281	
13.516752940381613	280	
13.52908913618739	279	
13.593462012405865	278	
13.673937724281027	277	
13.826796008476883	276	
13.844271405503013	275	
13.877010058977639	274	
13.887948272957276	273	
13.915703427995043	272	
13.931077027776725	271	
13.932802123809655	270	
14.014882484846007	269	
14.020924258732942	268	
14.031468510395733	267	
14.049265606553046	266	
14.078905130801614	265	
14.102954253180167	264	
14.127989912623287	263	
14.353373901350166	262	
14.36743928517237	261	
14.373652623670049	260	
14.378347818948562	259	
14.39061470955614	258	
14.434902271741594	257	
14.46868565486291	256	
14.48670324896792	255	
14.550012451714558	254	
14.613552084601874	253	
14.630834589534228	252	
14.63775733300227	251	
14.645861068181418	250	
14.646724139319335	249	
14.652498189532173	248	
14.664490753268945	247	
14.669535866741823	246	
14.67963529796763	245	
14.75722376661085	244	
14.766512760339161	243	
14.779618982458464	242	
14.783083990008413	241	
14.868285598802322	240	
14.875380608875382	239	
14.880674222809184	238	
14.911308846572977	237	
14.919350131948788	236	
14.942348835197533	235	
15.024875511874104	234	
15.025325404514907	233	
15.069458567006743	232	
15.097836122338101	231	
15.113318539774488	230	
15.19063255440355	229	
15.238061734826912	228	
15.248668361126828	227	
15.29084355544724	226	
15.302751864380204	225	
15.395171747618146	224	
15.424283599091567	223	
15.476761416430582	222	
15.494593813998273	221	
15.500026867434892	220	
15.558880581787491	219	
15.587896466135692	218	
15.60303786366565	217	
15.66134372429165	216	
15.765796961671104	215	
15.790839784160694	214	
15.916690261749174	213	
16.103021866310367	212	
16.141596832432164	211	
16.163233653063248	210	
16.18550687415276	209	
16.199685675469397	208	
16.251889421314402	207	
16.28773272648558	206	
16.318542490593746	205	
16.429813540515973	204	
16.49275032063193	203	
16.55081400548714	202	
16.604293302106328	201	
16.66603307190266	200	
16.67787365234889	199	
16.70950492139029	198	
16.71017700859445	197	
16.814407439785953	196	
16.826138060871607	195	
16.833417690747584	194	
16.88125207772086	193	
16.883812381931595	192	
16.92868040708629	191	
17.02722753282769	190	
17.104606519301484	189	
17.106201731816522	188	
17.18894439819816	187	
17.213481735308452	186	
17.239189170240437	185	
17.426612216824985	184	
17.4333821441655	183	
17.44830028461452	182	
17.469939994670714	181	
17.518448724986477	180	
17.53315749626461	179	
17.56622111698678	178	
17.62732405605784	177	
17.88127868640978	176	
17.89696635997629	175	
18.026485515133025	174	
18.08476562386551	173	
18.218293682743326	172	
18.246141863366113	171	
18.247307795397365	170	
18.27278687300574	169	
18.288015228914375	168	
18.305168472435202	167	
18.39469748805408	166	
18.40219079067648	165	
18.421733552071068	164	
18.46351085304296	163	
18.597732668364355	162	
18.605475452584766	161	
18.610505001010818	160	
18.650136323259364	159	
18.68100060840894	158	
18.71129680332926	157	
18.75135298797388	156	
18.87829144855164	155	
18.938818395655606	154	
18.972548345673143	153	
18.984777897270202	152	
19.03962119199326	151	
19.077781920178815	150	
19.1573419720009	149	
19.167038139868925	148	
19.3116629763799	147	
19.399690672968884	146	
19.516955802819304	145	
19.523604883234214	144	
19.551758422597995	143	
19.586293698815144	142	
19.60107069260887	141	
19.606409899287033	140	
19.611356218617285	139	
19.809406879842417	138	
19.84662983333246	137	
20.05833205529537	136	
20.068987451969225	135	
20.131162285329268	134	
20.20582801536034	133	
20.38049225742289	132	
20.38543797966184	131	
20.3947110796854	130	
20.45311710337068	129	
20.45782686019568	128	
20.47262277361109	127	
20.512263721091774	126	
20.531583477536635	125	
20.537566272897994	124	
20.568841180125915	123	
20.630481297778655	122	
20.729764029601625	121	
20.752153222748625	120	
21.022324809523553	119	
21.32787840772923	118	
21.342262987794392	117	
21.34441575281473	116	
21.38910020884894	115	
21.52755499045106	114	
21.57111589326553	113	
21.593407738825963	112	
21.63145591471622	111	
21.642777978936078	110	
22.078257895959247	109	
22.152571160062568	108	
22.276182602942246	107	
22.314941349308935	106	
22.484804471071033	105	
22.538275941551728	104	
22.657627211889857	103	
22.685330645116597	102	
22.745230949973614	101	
22.75337419256044	100	
22.81723147016153	99	
22.87072237098787	98	
22.87093350802609	97	
23.248450296228853	96	
23.397460575680334	95	
23.508193542784117	94	
23.720125824364555	93	
23.81916020081786	92	
24.013435031499966	91	
24.102117422465657	90	
24.10502647399395	89	
24.151126039032867	88	
24.19165460813805	87	
24.198379492788472	86	
24.274342229142174	85	
24.51402440400221	84	
24.677355081164638	83	
24.68115769689358	82	
24.824336361000928	81	
24.977748263318432	80	
25.033283568317277	79	
25.132625159371727	78	
25.392300008560312	77	
25.640788583256874	76	
25.727490084839662	75	
25.89168881795895	74	
25.96729284961638	73	
26.84520706306599	72	
26.87879283420419	71	
27.024630206778166	70	
27.03852771321915	69	
27.062813703935248	68	
27.09046164448569	67	
27.121426274109595	66	
27.69572439692406	65	
28.065396569695487	64	
28.14564418839091	63	
28.16498898267621	62	
28.72091317645429	61	
28.777231316697225	60	
28.779151409418333	59	
29.077269859444037	58	
29.278039207772135	57	
29.29530339823013	56	
29.318823420660248	55	
29.54253601201071	54	
29.586045822760987	53	
30.24858662921206	52	
30.780985854695633	51	
30.947990305836267	50	
31.001311506666134	49	
31.66231993301226	48	
31.99215897777458	47	
32.13873329633446	46	
32.23432212220054	45	
32.31586434556534	44	
32.92396221839288	43	
33.260044839575194	42	
33.375747453743436	41	
33.40400956405892	40	
33.757595094962575	39	
34.10520114009965	38	
34.30353894478775	37	
34.36654813155301	36	
34.59612753603856	35	
34.59989146077492	34	
34.71822462341377	33	
36.277842556671246	32	
36.471345573447756	31	
37.008895387413496	30	
37.316574564664926	29	
37.608112132776746	28	
37.764020432070495	27	
37.79227083491002	26	
37.84550493335683	25	
38.877072540266255	24	
38.94937128288802	23	
39.221992072994084	22	
39.5130066848959	21	
39.76372807392068	20	
40.80640365097746	19	
40.90786520766032	18	
41.38412222976485	17	
44.84662633597516	16	
45.06465025019932	15	
45.31794760568884	14	
46.23066391992795	13	
47.13625867494423	12	
47.497278549256926	11	
47.771672733536256	10	
48.1295189878776	9	
48.76958538340683	8	
49.60896302229798	7	
50.69456718708983	6	
51.44296455403075	5	
58.698119103277	4	
62.81440087929065	3	
63.414928054128694	2	
66.79495858169844	1	
